362673340673
858819739314
082114523490
349292059406
054751361597
569472118854
208814424031
196572833323
682345585672
752192420128
841129246103
576309601667
062418550998
597093062962
374347303733
376404304358
262468573971
252998670946
782423223417
639431408492
041164398902
679740083179
649728305012
736886044569
051588528236
434897729434
873611708225
193547708035
962498410910
402250434185
382070304820
734794329488
957469707882
111897741210
402593511002
887989182604
243032453921
083249894236
301485766011
627830828348
083937380633
670041073160
299589511136
402309231507
732738935126
750259963661
607983531602
168397854597
408542847167
292254241539
609483789104
334866757475
341670167834
084580938513
691684953506
044462695920
138361041082
200867469513
799628726293
038476396570
694098444035
783281629189
680986297733
092674178414
396232272326
192252438780
427877996651
352550525055
472991438932
046483650201
428462945668
397469955692
245664853256
010048776824
320989827909
154056448337
357809970163
163455518560
289525336284
333682033720
426785367450
458289394808
880882645809
889476319186
184724827844
246714413013
553299254968
040839157740
167648409625
805350472589
831985523033
989688341388
139240749731
297700140085
889364644701
848940019350
295033222188
489467651300
204392227665
466496340846
350158881606
327025612707
819958303583
364358492238
927300588344
662748647222
837873757777
084275151284
929372697622
718120019128
223958214782
323122146171
999107353087
548065764664
968773637376
741255593073
329569552423
947354241956
317440953482
469527558142
075495085907
958374324075
047144727743
990978115800
719106470852
692395818003
957858745953
037251759114
888564016594
917627855190
577427242606
183096121109
901103934707
298402781426
374407163824
776017810226
110940295418
865117311480
384269803341
558973920612
823921209217
360888364909
374058669717
134312604573
952304552348
559133782344
844847850474
573949173316
592109993031
614993246335
527307018220
993947205919
654632763336
523256884160
474800014888
457296980741
683062453025
576697889905
712308805322
217171302958
484683735175
615843685845
571953893131
954034870879
842878759581
795253375630
527894417432
781863960363
923557886114
704020604577
838472406412
858398964823
993906047944
098778141054
567692953468
715758160479
743552443613
615791950817
444295812156
980121367479
936640918150
318578615917
928831185642
658140893579
104947314359
552018191496
569678560925
928663237311
958041295745
367346752965
852963908646
843798233343
810365001981
750743257785
822037318138
649068249653
357989450171
448242788856
942107077858
545010246834
